30901565
30901564
30901563
30901562
30901561
30901560
30878283
30849395
30849394
30849393
30849392
30849391
30849390
30849389
30849388
30824373
30794793
30794792
30794791
30792174
30792173
30773298
30772176
30772175
30772174
30770239
30770238
30765194
30765193
30745086
30738704
30738703
30737186
30737185
30735656
30735655
30735654
30735653
30735652
30735651
30733119
30733118
30712990
30712989
30711376
30711375
30709710
30709709
30704900
30704899
30686592
30686591
30661983
30661982
30661981
30661980
30661979
30658108
30658107
30642763
30639244
30639243
30639242
30639241
30639240
30612880
30612879
30612878
30609391
30609390
30609389
30609388
30606466
30598363
30595439
30595438
30595437
30595436
30595435
30595434
30581148
30581147
30581146
30581145
30581144
30581143
30581142
30554948
30554947
30554946
30554945
30554944
30554943
30554942
30527666
30527665
30527664
30527663
30527662
30527661
30527540
30503775
30503774
30503773
30503772
30503771
30503770
30472192
30472191
30472190
30472189
30472188
30472187
30449725
30449724
30415948
31226278
31226277
31226276
31226275
31226274
31226273
31173722
31173721
31173720
31130363
31101498
31100245
31100244
31100243
31080011
31078383
31076285
31054975
31054974
31053472
31053471
31051141
31051140
31051139
31051138
31051137
31051136
31047795
31047794
31031084
31031083
31029542
31029541
31027880
31027879
31023583
31023582
31006538
31006537
31005419
31003868
31003867
31002804
31002803
31002802
31000437
31000436
30982746
30982745
30982744
30981631
30981630
30979586
30979585
30975460
30975459
30956044
30956043
30954403
30954402
30952515
30952514
30951652
30951651
30951650
30951649
30948267
30948266
30930056
30930055
30930054
30928206
30926243
30926242
30922844
30922843
30905509
30905508
30904393
30904392
30902547
30902546
30898439
30898438
30879903
30879902
30878284
30876805
30876804
30872121
30853402
30853401
30853400
30852061
30852060
30850331
30850330
30846318
30846317
30827740
30826165
30824372
30819645
30819644
30799147
30797687
30797686
30795893
30795892
30745087
31539507
31539506
31539505
31494035
31494033
31492636
31491424
31473101
31471187
31444106
31442426
31442425
31442424
31442423
31442422
31442421
31442420
31422875
31421980
31420217
31420216
31402097
31402096
31400849
31399345
31399344
31398325
31398324
31398323
31398322
31398321
31398320
31398319
31378463
31378462
31377117
31377116
31375263
31375262
31353209
31353208
31353207
31351878
31351877
31350119
31350118
31348879
31348878
31348877
31348876
31327636
31327635
31326273
31326272
31324450
31324449
31303471
31303470
31302002
31302001
31300275
31300274
31299208
31299207
31299206
31299205
31279659
31279658
31278054
31278053
31256989
31256988
31255466
31253575
31253574
31253573
31230816
31230815
31229405
31229404
31227231
31227230
31204167
31202577
31202576
31201090
31201089
31178355
31178354
31178353
31176671
31175012
31155380
31153714
31151856
31130364
31128943
31126740
31126739
31104896
31103421
31103420
31101499
31101497
31080012
31078384
31076284
31056445
31951530
31809743
31809742
31809741
31757757
31756322
31733991
31706703
31679819
31677974
31676231
31668930
31668929
31629659
31629658
31628041
31626751
31626750
31626749
31626748
31607545
31606273
31606272
31604602
31604601
31588023
31588022
31586547
31586546
31586545
31585693
31585692
31585104
31585103
31585102
31585100
31564558
31564557
31563432
31563431
31561953
31561952
31543423
31543422
31542297
31542296
31540875
31540874
31522989
31522988
31522987
31521506
31521505
31521504
31519522
31519521
31519520
31495565
31495564
31495563
31494034
31492635
31492634
31492633
31474574
31474573
31474572
31473102
31471188
31447391
31447390
31445887
31445886
31444107
31444105
31422874
31421981
31400850
32200796
32200795
32200794
32142691
32142690
32142689
32142685
32142684
32084351
32084350
32048998
32048997
32032532
32032510
32023484
32023483
32017898
32017896
32006464
32006463
32004470
32004469
32004468
32001106
32001105
31999955
31999954
31995729
31995728
31983508
31982308
31981475
31980388
31973890
31973889
31959557
31954095
31952990
31952989
31951546
31951545
31951544
31951543
31951515
31932165
31932164
31926851
31924448
31924447
31902669
31902668
31902667
31901448
31901447
31901446
31883952
31883951
31883950
31866147
31862156
31839405
31837996
31837995
31836389
31836388
31812350
31812349
31810760
31810759
31810758
31806351
31806350
31785928
31784360
31784359
31784358
31784357
31761495
31761494
31759824
31759823
31759822
31759821
31757756
31757755
31735643
31735642
31735641
31733993
31733992
31732458
31732457
31732456
31708417
31708416
31706702
31704183
31704182
31679820
31677973
31676232
31676230
31668496
31653568
31630970
31630969
31628042
31607544
32559429
32559428
32559427
32559426
32559425
32559424
32559423
32559422
32516599
32516598
32504556
32504554
32502422
32502421
32502420
32502419
32502418
32497495
32485148
32470318
32464092
32459988
32446320
32442505
32442504
32442503
32442502
32442501
32442398
32442397
32416068
32416067
32407673
32402252
32396821
32392469
32386575
32386543
32386542
32386541
32386540
32386539
32386538
32380061
32369735
32369734
32362315
32362314
32359443
32353258
32353257
32348780
32348779
32343944
32333838
32333837
32330457
32330456
32325029
32320643
32315601
32302542
32302541
32302540
32302539
32298650
32294471
32289254
32277910
32275853
32268123
32268122
32259483
32246903
32243832
32243831
32243830
32243828
32243827
32240602
32234490
32229306
32220646
32220645
32220303
32213324
32213323
32208170
32208169
32197065
32191872
32187529
32183942
32169162
32160514
32155413
32130890
32126207
32109364
32105612
32101700
32097603
32084337
32059760
32053778
32035037
32035036
32032531
32027840
32027839
32017897
32946762
32946761
32946760
32946759
32888436
32888435
32888434
32882183
32877643
32871104
32871103
32857953
32853546
32822587
32822581
32822580
32822579
32822578
32780990
32780989
32768408
32768407
32763226
32763225
32763224
32763223
32763222
32755596
32755595
32755594
32755593
32750314
32738194
32735772
32730741
32726578
32721385
32707033
32692975
32692974
32681820
32679078
32679077
32679076
32679075
32679074
32679035
32668201
32668200
32649884
32649883
32649882
32645369
32645368
32645367
32640193
32619472
32619471
32619470
32619469
32619468
32619467
32619466
32619402
32615089
32615088
32610038
32603710
32592682
32592681
32589966
32589965
32589964
32585128
32579944
32579943
32574554
32553192
32544389
32533919
32533918
32531202
32526163
32521226
32521225
32504555
32497497
32497496
32473093
32464093
32464091
32454028
32445620
32437639
31914402
31914401
31914400
31914399
31914398
31914397
31914396
31914395
31914394
31914393
31914392
31914391
31914390
31914389
31914388
31914387
31914386
31914385
31914384
31914383
31914382
31914381
31914380
31914379
31914378
31940498
31940497
31940496
31940495
31940494
31940493
31940492
31940491
31940490
31940489
31940488
31940487
31940486
31940485
31940484
31940483
31940482
31940481
31940480
31940479
31940478
31940477
31968264
31968263
31968262
31968261
31968260
31968259
31968258
31968257
31968256
31968255
31968254
31968253
31968252
31968251
31968250
31968249
31968248
31968247
31968246
31968245
31968244
31968243
31968242
31968241
31968240
31968239
31968238
31995768
31995767
31995766
31995765
31995763
31995762
31995761
31995760
31995759
31995758
31995757
31995756
31995755
31995754
31995753
31995752
31995751
31995750
31995749
31995748
31995747
31995746
31995732
31995731
31956073
32023475
32023474
32023473
32023472
32023471
32023470
32023469
32023468
32023467
32023466
32023465
32023464
32023463
32023462
32023461
32023460
32023459
32023458
32023457
32023456
32023455
32023454
32023453
32023452
32023451
32023450
32023449
32023448
32023447
32049030
32049029
32049028
32049027
32049026
32049025
32049024
32049023
32049022
32049021
32049020
32049019
32049018
32049017
32049016
32049015
32049014
32049013
32049012
32049011
32049010
32049009
32049008
32049007
32049006
32049005
32049004
32049003
32049002
32049001
32049000
32075774
32075773
32075772
32075771
32075770
32075769
32075768
32075767
32075766
32075765
32075764
32075763
32075762
32075761
32075760
32075759
32075758
32075757
32075756
32075755
32075754
32075753
32075752
32075739
32075738
32075737
32075736
32075735
32075734
32075733
32075732
32075731
32101756
32101755
32101754
32101753
32101752
32101751
32101750
32101749
32101748
32101747
32101746
32101745
32101744
32101743
32101742
32101741
32101740
32101739
32101738
32101737
32101736
32101735
32101734
32101733
32101732
32101731
32101730
32101729
32101728
32101697
32130917
32130916
32130915
32130914
32130913
32130912
32130911
32130910
32130909
32130908
32130907
32130906
32130905
32130904
32130903
32130902
32130901
32130900
32130899
32130898
32130897
32130896
32130895
32130894
32130893
32130892
32130891
32160558
32160557
32160556
32160555
32160554
32160553
32160552
32160551
32160550
32160549
32160548
32160547
32160546
32160545
32160544
32160543
32160542
32160541
32160540
32160539
32160538
32160537
32160536
32160535
32160534
32160533
32160532
32160531
32160530
32160529
32187560
32187559
32187558
32187557
32187556
32187555
32187554
32187553
32187552
32187551
32187550
32187549
32187548
32187547
32187546
32187545
32187544
32187543
32187542
32187541
32187540
32187539
32187538
32187537
32187536
32187535
32187534
32187533
32187532
32126208
32209486
32209485
32209484
32209483
32209482
32209481
32209480
32209479
32209478
32209477
32209476
32209475
32209474
32209473
32209472
32209471
32209470
32209469
32209468
32209467
32209466
32209465
32209464
32209463
32209462
32209461
32209460
32209459
32209458
32209457
32234489
32234488
32234487
32234486
32234485
32234484
32234483
32234482
32234481
32234480
32234479
32234478
32234477
32234476
32234475
32234474
32234473
32234472
32234471
32234470
32234469
32268107
32268106
32268105
32268104
32268103
32268102
32268101
32268100
32268099
32268098
32268097
32268096
32268095
32268094
32268093
32268092
32268091
32268090
32268089
32268088
32268087
32268086
32268085
32268084
32268083
32268082
32268081
32268080
32268079
32294452
32294451
32294450
32294449
32294448
32294447
32294446
32294445
32294444
32294443
32294442
32294440
32294439
32294438
32294437
32294436
32294435
32294434
32294433
32294432
32294431
32294430
32294429
32294428
32320669
32320668
32320667
32320666
32320665
32320664
32320663
32320662
32320661
32320660
32320659
32320658
32320657
32320656
32320655
32320654
32320653
32320652
32320651
32320650
32320649
32320647
32320646
32320645
32348771
32348770
32348769
32348768
32348767
32348766
32348765
32348764
32348763
32348762
32348760
32348759
32348758
32348757
32348756
32348755
32348754
32348753
32348752
32348751
32348750
32375055
32375054
32375053
32375052
32375051
32375050
32375049
32375048
32375047
32375046
32375045
32375044
32375043
32375042
32375041
32375040
32375039
32375038
32375037
32375036
32375035
32375034
32375033
32375032
32375031
32375030
32375029
32375028
32375027
32375026
32330423
32402293
32402292
32402291
32402290
32402289
32402288
32402287
32402286
32402285
32402284
32402283
32402282
32402281
32402280
32402279
32402278
32402277
32402276
32402275
32402274
32402273
32402272
32402271
32433977
32433976
32433975
32433974
32433973
32433972
32433971
32433970
32433969
32433968
32433967
32433966
32433965
32433964
32433963
32433962
32433961
32433960
32433959
32433958
32433957
32433956
32433955
32433954
32433953
32460033
32460032
32460031
32460030
32460029
32460028
32460027
32460026
32460025
32460023
32460022
32460021
32460020
32460019
32460018
32460017
32460016
32460015
32460013
32460012
32460011
32460010
32460009
32492433
32492432
32492431
32492430
32492429
32492428
32492427
32492426
32492425
32492424
32492423
32492422
32492421
32492420
32492419
32492418
32492417
32492416
32492415
32492414
32426212
32521280
32521279
32521278
32521277
32521276
32521275
32521274
32521273
32521272
32521271
32521270
32521269
32521268
32521267
32521266
32521265
32521264
32521263
32521262
32521261
32521260
32521259
32521258
32521257
32521256
32521255
32521254
32521253
32521252
32553172
32553171
32553170
32553169
32553168
32553167
32553166
32553165
32553164
32553163
32553162
32553161
32553160
32553158
32553157
32553155
32553154
32553153
32553152
32531208
32579942
32579941
32579940
32579939
32579938
32579937
32579936
32579935
32579934
32579933
32579932
32579931
32579930
32579929
32579928
32579927
32579926
32579925
32579924
32579923
32579922
32579921
32579920
32579919
32579917
32579916
32579915
32579914
32579913
32579912
32610146
32610144
32610143
32610142
32610141
32610140
32610139
32610138
32610137
32610136
32610135
32610134
32610133
32610132
32610131
32610130
32610129
32610128
32610127
32610126
32610125
32610124
32610123
32610122
32610121
32610120
32610119
32610117
32640241
32640240
32640239
32640238
32640237
32640236
32640235
32640234
32640233
32640232
32640231
32640230
32640229
32640228
32640227
32640226
32640225
32640224
32640223
32640222
32640221
32640220
32640219
32640218
32640217
32640216
32640215
32640214
32610043
32668260
32668259
32668258
32668257
32668256
32668255
32668254
32668253
32668252
32668251
32668250
32668249
32668248
32668247
32668246
32668245
32668244
32668243
32668242
32668241
32668240
32668239
32668238
32668237
32668236
32698014
32698013
32698012
32698011
32698010
32698008
32698007
32698006
32698005
32698004
32698003
32698002
32698001
32698000
32697999
32697998
32697997
32697996
32697994
32697993
32697992
32697991
32697990
32697989
32697988
32697987
32697986
32697985
32697984
32697983
32697982
32668216
32668215
32649864
32726638
32726637
32726636
32726635
32726634
32726633
32726632
32726631
32726630
32726629
32726628
32726627
32726626
32726625
32726624
32726623
32726622
32726621
32726620
32726619
32726618
32726617
32726616
32726614
32755592
32755591
32755590
32755589
32755588
32755587
32755586
32755585
32755584
32755583
32755582
32755581
32755580
32755579
32755578
32755577
32755576
32755575
32755574
32755573
32755572
32755570
32783950
32783949
32783948
32783947
32783946
32783945
32783944
32783943
32783942
32783941
32783940
32783939
32783938
32783937
32783936
32783935
32783934
32783933
32783932
32783931
32783930
32783929
32783928
32783927
32755598
32814056
32814054
32814053
32814052
32814051
32814050
32814049
32814048
32814047
32814046
32814045
32814044
32814043
32814042
32814041
32814040
32814039
32814038
32814037
32814035
32846138
32846136
32846135
32846134
32846133
32846132
32846131
32846130
32846129
32846128
32846127
32846126
32846125
32846124
32846123
32846122
32846121
32846120
32846119
32846118
32846116
32877684
32877683
32877682
32877681
32877680
32877679
32877678
32877677
32877676
32877675
32877674
32877673
32877672
32877671
32877670
32877669
32877668
32877667
32877665
32905782
32905781
32905779
32905778
32905777
32905776
32905775
32905774
32905773
32905772
32905771
32905770
32905769
32905768
32905767
32905766
32905765
32905764
32905763
32905761
32905760
32937142
32937141
32937140
32937139
32937138
32937137
32937136
32937135
32937134
32937133
32937132
32937131
32937130
32937129
32937128
32937127
32937126
32937125
32937124
32937123
32937122
32937121
32937120
32937119
32937118
32937117
31896691
31896690
31896689
31896688
31896687
31857346
31831628
31831627
31831626
31805522
31805521
31805520
31919193
31919192
31919191
31919190
31919189
31919188
31879358
32122968
32122967
32029457
32029456
32029455
32029454
32029453
32029452
32029451
32001513
32001512
32001511
32001510
32238450
32238449
32139423
32139422
32139421
32115408
32115407
32115406
32079653
32079652
32358039
32241803
32241802
32217667
32217666
32217665
32217664
32193353
32165409
32482715
32482714
32482713
32381628
32381627
32381626
32354837
32354836
32354835
32354834
32273287
32611613
32611612
32499403
32499402
32499401
32499400
32467225
32467224
32439635
32439634
32747479
32747478
32747477
32747476
32675325
32675324
32616520
32616519
32561546
32561545
32873579
32873578
32873577
32873576
32820040
32820039
32820038
32820037
32820036
32792353
32763910
32231312
32231311
32231310
32231309
32231308
32231307
32231306
32231305
32203422
32203421
32203420
32203419
32203418
32203417
32203416
32203415
32367046
32367045
32341550
32341549
32341548
32341547
32341546
32284543
32284542
32251399
32251398
32451441
32424275
32424274
32415271
32393889
32393888
32393887
32393886
32393885
32393884
32367049
32367048
32367047
32313104
32296165
32601373
32601372
32601371
32591745
32587343
32572169
32541879
32541878
32514071
32483388
32483387
32483386
32451440
32451439
32753672
32753671
32753670
32753669
32753668
32719554
32719553
32719552
32719551
32690888
32661339
32641767
32541877
32884148
32884147
32868903
32868902
32868901
32868900
32868899
32839551
32839550
32839549
32839548
32807903
32807902
32807901
32778743
32737147
32737146
32737145
32576659
32571880
32546483
32546479
32540970
32532820
32532815
32532796
32527726
32518167
32518165
32518157
32518155
32503839
32493777
32493775
32493772
32493771
32493770
32482893
32475820
32434930
32424042
32381510
32299913
32111741
32769176
32769175
32587088
32571874
32554810
32554809
32554807
32554806
32554805
32554804
32554467
32554466
32554464
32546484
32546480
32540969
32540968
32540967
32540966
32532821
32532818
32527728
32527727
32527725
32527723
32527722
32518166
32518160
32518158
32518153
32513871
32503840
32487749
32471866
32444496
32424038
32414842
32817128
32817127
32817126
32817125
32641495
32636300
32631953
32631952
32620553
32616654
32616652
32611770
32611769
32611768
32605922
32601061
32587094
32587091
32587090
32587089
32580946
32580943
32576660
32571882
32571879
32571878
32571877
32571876
32571875
32571873
32571872
32565425
32565424
32561641
32561640
32554468
32554463
32546482
32540960
32532817
32527729
32527724
32518164
32518161
32518159
32461254
32303635
32826337
32826336
32826335
32665404
32651233
32651231
32651229
32647014
32647013
32647012
32647011
32647010
32647009
32647008
32647006
32641497
32641494
32641493
32636305
32636304
32636303
32636302
32616653
32616651
32611771
32611767
32601062
32587092
32571881
32554808
32554465
32487747
32467227
32859721
32709749
32690612
32669365
32669364
32665403
32665401
32661196
32661194
32651230
32651228
32641496
32641492
32620552
32611766
32611765
32580944
32576658
32532816
32727845
32719007
32719005
32703900
32699111
32690608
32690607
32675287
32675285
32675284
32675282
32669362
32669361
32665399
32661198
32661195
32647007
32636301
32631954
32605924
32111735
32917830
32917829
32917828
32917827
32719095
32719012
32719008
32719006
32719004
32719003
32699110
32699109
32694223
32690610
32690609
32690606
32675286
32675283
32665402
32665400
32661197
32651234
32605925
32580945
