31914389
31914388
31914402
31914400
31940493
31940492
31968254
31968249
31968247
31995759
31995750
32023470
32023463
32023461
32023451
32049023
32049014
32049013
32049010
32049007
32075754
32075731
32101753
32101751
32101747
32160551
32160544
32187559
32187550
32187535
32209481
32209476
32209475
32268103
32268090
32268106
32294440
32294430
32294449
32294429
32320660
32320654
32320653
32348751
32375042
32375027
32375032
32375050
32375051
32402277
32402286
32402289
32402271
32433973
32433965
32433974
32433966
32460025
32460013
32460012
32460017
32460019
32492424
32521278
32521269
32521280
32521264
32531208
32579917
32579923
32579940
32579928
32579914
32579932
32610139
32610129
32610126
32610117
32640220
32640217
32668247
32668239
32668244
32668254
32697984
32698014
32698010
32726623
32726637
32726624
32726635
32726616
32755570
32755576
32783943
32783940
32814054
32814047
32814043
32846130
32846118
32877683
32877667
32877671
32905781
32905768
32937124
32937135
32937140
30527665
30472188
30581142
30554948
30595439
30595434
30612880
30612879
30598363
30704899
30642763
30738703
30901564
30846317
30878284
30904392
30853401
30853400
30853402
30824372
30898438
30879903
31000437
31027879
30952515
30979586
31023583
31053472
31054974
31130363
31227231
31230815
31229404
31278054
31399345
31402097
31420216
31422874
31474573
31492635
31495563
31561952
31543423
31519521
31542297
31542296
31586547
31606273
31629659
31677974
31628042
31733993
31735643
31735641
31733992
31676232
31708417
31901446
31812350
31973890
31901447
31995728
31982308
32017896
32017898
31981475
31980388
32023483
32006464
32035036
32059760
32130890
32191872
32240602
32348780
32402252
32485148
32470318
32679077
32645369
32692974
32738194
32780989
32649882
32822587
31831627
31857346
31919192
31919188
32001511
32115408
32115406
32139423
32354837
32381626
32675325
32561545
32616520
32763910
32792353
32482893
32532820
32111741
32554467
32611769
32580946
32571875
32561640
32587090
32631953
32571873
32647011
32636303
32647006
32616651
32620552
32703900
32675284
32669362
32651234
32690606
32203415
32231305
32367047
32451439
32541877
32753672
32839551
32807902
32807903
32839549
